
RETRIEVAL AND THE GATE   (hit chance 0.167, auc chance 0.500)

run                      hit_gate hit_last  p_gold  gate_auc  gate_gap  g|need   g|ctx
--------------------------------------------------------------------------------------
latent_seed1234             0.585    0.435   0.543     1.000    +1.000   1.000   0.000
latent_seed5678             0.568    0.509   0.580     1.000    +1.000   1.000   0.000
decoded_seed1234            0.601    0.609   0.638     1.000    +1.000   1.000   0.000
question_seed1234           0.926    0.926   0.918     1.000    +0.999   1.000   0.001
uniform_seed1234            0.183    0.183   0.167     1.000    +0.997   1.000   0.003
latent_notask_seed1234      0.760    0.760   0.748     0.334    -0.000   0.000   0.000
latent_easy_seed1234        0.559    0.512   0.587     1.000    +0.997   1.000   0.003
latent_lm_seed1234          0.419    0.428   0.408     1.000    +0.996   1.000   0.004
latent_gated_notask_seed1234    0.794    0.794   0.777     0.263    -0.000   0.000   0.000
latent_gated_seed1234       0.531    0.537   0.584     1.000    +1.000   1.000   0.000

DID THE PAGE REACH THE OUTPUT   (acc chance 1/701, foil chance 0.500)

run                         acc  acc|need  acc|ctx   foil  foil|need  foil-corrupt  acc-noinj
---------------------------------------------------------------------------------------------
latent_seed1234           0.096     0.058    0.133  0.467      0.526         0.153      0.098
latent_seed5678           0.124     0.044    0.199  0.531      0.517         0.186      0.136
decoded_seed1234          0.198     0.003    0.389  0.644      0.501         0.007      0.200
question_seed1234         0.509     0.471    0.546  0.923      0.921         0.003      0.509
uniform_seed1234          0.245     0.142    0.345  0.657      0.511         0.117      0.242
latent_notask_seed1234    0.426     0.375    0.477  0.828      0.770         0.003      0.426
latent_easy_seed1234      0.149     0.136    0.162  0.536      0.525         0.141      0.152
latent_lm_seed1234        0.010     0.009    0.010  0.570      0.492         0.568      0.006
latent_gated_notask_seed1234  0.473     0.436    0.510  0.844      0.787         0.004      0.473
latent_gated_seed1234     0.039     0.075    0.004  0.488      0.496         0.349      0.031

PER FAMILY, main run

family                   n  hit_gate  gate_auc    acc   foil
------------------------------------------------------------
exception_rule         529     0.648     1.000  0.123  0.474
substitution_rule      496     0.548     1.000  0.038  0.468
threshold_rule         511     0.556     1.000  0.123  0.458

THE CURVE, main run   (step: hit_gate / gate_auc / foil)

      0  0.234  0.764  0.505
    250  0.469  1.000  0.510
    500  0.682  1.000  0.516
    750  0.609  1.000  0.359
   1000  0.497  1.000  0.479
   1250  0.474  1.000  0.492
   1500  0.651  1.000  0.474
   1750  0.562  1.000  0.487
   2000  0.547  1.000  0.422
   2250  0.469  1.000  0.474
   2500  0.539  1.000  0.484
   2750  0.589  1.000  0.440
   3000  0.536  1.000  0.497
   3250  0.599  1.000  0.409
   3500  0.573  1.000  0.451
   3750  0.630  1.000  0.456
   4000  0.599  1.000  0.432
   4250  0.523  1.000  0.430
   4500  0.529  1.000  0.393
   4750  0.641  1.000  0.458
   5000  0.576  1.000  0.451
   5250  0.573  1.000  0.464
   5500  0.599  1.000  0.466
   5750  0.578  1.000  0.484
   5999  0.591  1.000  0.458

BY ITERATION, main run

  hit_by_iter             0.768 0.661 0.547 0.458 0.383 0.427
  p_gold_by_iter          0.742 0.654 0.545 0.461 0.381 0.418
  gate_need_by_iter       0.000 0.981 1.000 0.004 0.000 1.000
  gate_in_context_by_iter 0.000 0.000 0.000 0.000 0.000 0.000

